"TOA5","S1T","CR200X","23119","CR200X.Std.04","CSU_3depths.CR2","51716","Public"
"TIMESTAMP","RECORD","BattV","VWC_1","EC_1","T_1","P_1","PA_1","VR_1","VWC_2","EC_2","T_2","P_2","PA_2","VR_2","VWC_3","EC_3","T_3","P_3","PA_3","VR_3"
"TS","RN","Volts","m^3/m^3","dS/m","Deg C","unitless","nSec","unitless","m^3/m^3","dS/m","Deg C","unitless","nSec","unitless","m^3/m^3","dS/m","Deg C","unitless","nSec","unitless"
"","","","","","","","","","","","","","","","","","","","",""
"2023-05-17 08:53:45",7051,13.50993,0.0884,0.07,16.6327,5.3627,1.3202,1.0883,0.1307,0.1181,16.3418,7.2147,1.4004,1.1488,0.1354,0.1433,16.0341,7.4311,1.4027,1.1812
"2023-05-17 09:22:30",7080,13.48391,0.0891,0.0703,18.6315,5.3917,1.3213,1.0887,0.1314,0.1181,17.7533,7.2484,1.4015,1.1488,0.136,0.1441,17.233,7.4608,1.4038,1.1823
"2023-05-27 17:22:25",21960,13.35799,0.3705,0.5293,19.7091,22.1362,1.8005,1.6736,0.3455,0.5059,18.1912,20.0095,1.7768,1.6407,0.3733,0.6251,17.6739,22.3911,1.8254,1.7975
"2023-05-27 17:30:56",21968,13.36722,0.3704,0.5305,19.7774,22.1294,1.8005,1.6752,0.3455,0.5065,18.2349,20.0063,1.7768,1.6415,0.3734,0.6247,17.6685,22.3934,1.8254,1.797
"2023-05-29 16:47:10",24805,13.30762,0.3549,0.5133,21.1545,20.7849,1.7734,1.653,0.3282,0.4917,18.719,18.6542,1.7474,1.6226,0.3624,0.6154,17.8765,21.4237,1.8062,1.785
"2023-05-31 15:20:07",27598,13.3454,0.335,0.4588,19.6161,19.1777,1.7361,1.5831,0.3122,0.4635,18.5631,17.4717,1.7192,1.5867,0.3535,0.6032,18.2978,20.6689,1.7904,1.7692
"2023-05-31 15:22:52",27600,13.32861,0.3358,0.4588,19.6161,19.2346,1.7372,1.5831,0.3122,0.4636,18.5577,17.4713,1.7192,1.5868,0.3535,0.6037,18.3033,20.6657,1.7904,1.7699
"2023-05-31 15:24:34",27602,13.32777,0.3363,0.4511,19.6626,19.2761,1.7372,1.5732,0.3129,0.4541,18.5577,17.5224,1.7192,1.5746,0.3534,0.605,18.3142,20.6574,1.7904,1.7716
"2023-05-31 15:28:18",27606,13.32777,0.3357,0.4597,19.6981,19.2297,1.7372,1.5842,0.3123,0.4628,18.5932,17.4756,1.7192,1.5858,0.3535,0.6031,18.3115,20.6693,1.7904,1.7692
"2023-06-01 16:40:50",29118,13.49062,0.3588,0.5182,19.5477,21.1138,1.7802,1.6593,0.3572,0.5475,18.8257,20.9798,1.8005,1.694,0.3534,0.6053,18.3279,20.6558,1.7904,1.7719
"2023-06-06 16:19:51",36297,13.37646,0.3558,0.4997,20.3411,20.8603,1.7734,1.6356,0.3313,0.4986,18.8339,18.8888,1.7531,1.6315,0.3692,0.5956,18.1993,22.0225,1.8152,1.7594
"2023-06-06 16:23:22",36301,13.37226,0.3558,0.5002,20.3356,20.8578,1.7734,1.6362,0.3313,0.4986,18.8339,18.8887,1.7531,1.6315,0.3692,0.5958,18.213,22.0214,1.8152,1.7597
"2023-06-09 15:06:13",40544,13.36135,0.3284,0.4501,20.3137,18.6636,1.7248,1.5719,0.3066,0.4599,18.9925,17.073,1.7101,1.5821,0.3571,0.573,18.6288,20.9695,1.7926,1.7303
"2023-06-12 10:13:57",44571,13.47048,0.2964,0.3956,20.0975,16.3643,1.6706,1.5022,0.279,0.4212,20.144,15.2064,1.6638,1.5327,0.3441,0.5495,19.4438,19.8945,1.7689,1.7
"2023-06-13 15:43:01",46341,13.4604,0.2794,0.394,21.7826,15.2324,1.6457,1.5001,0.2608,0.3915,20.0127,14.0615,1.6333,1.495,0.3364,0.5285,19.3644,19.2827,1.7542,1.673
"2023-06-21 09:34:42",57493,13.45117,0.1762,0.2482,21.064,9.3858,1.4818,1.3142,0.1815,0.2774,21.6371,9.6536,1.5033,1.35,0.273,0.3916,20.9462,14.8238,1.6412,1.4975
"2023-07-01 09:50:46",71909,13.48978,0.3278,0.4371,19.6188,18.6226,1.7225,1.5554,0.3024,0.4758,20.3849,16.7762,1.7056,1.6023,0.3661,0.5612,20.0538,21.7421,1.8062,1.7152
"2023-07-20 09:14:19",99235,13.41927,0.3668,0.5548,23.3291,21.8095,1.7971,1.7063,0.3406,0.5663,23.8181,19.6182,1.7757,1.718,0.3864,0.6163,23.3429,23.6096,1.8469,1.7862
"2023-08-01 15:06:04",116867,13.36471,0.1752,0.243,26.2743,9.3355,1.4795,1.3076,0.1672,0.2568,25.0529,8.9417,1.4795,1.3239,0.2273,0.3139,24.4636,12.0923,1.5643,1.3981
"2023-08-01 15:08:13",116869,13.35715,0.1752,0.2429,26.2883,9.3361,1.4795,1.3074,0.1671,0.2574,25.0557,8.938,1.4795,1.3247,0.2272,0.3144,24.4747,12.089,1.5643,1.3989
"2023-08-01 15:09:17",116870,13.34624,0.1752,0.2425,26.2883,9.3383,1.4795,1.307,0.1672,0.2567,25.0445,8.9419,1.4795,1.3239,0.2273,0.314,24.4442,12.0918,1.5643,1.3983
"2023-08-01 15:14:46",116875,13.35044,0.1755,0.2401,26.2995,9.3532,1.4795,1.304,0.1671,0.2573,25.0863,8.9385,1.4795,1.3246,0.2273,0.3141,24.4386,12.0909,1.5643,1.3985
"2023-08-01 15:17:20",116878,13.34624,0.1751,0.2431,26.3304,9.3345,1.4795,1.3078,0.1671,0.2572,25.0668,8.9391,1.4795,1.3245,0.2273,0.3138,24.4525,12.0925,1.5643,1.3981
"2023-08-01 15:18:56",116879,13.3496,0.1752,0.2426,26.3024,9.3379,1.4795,1.3071,0.1672,0.257,25.0612,8.9403,1.4795,1.3242,0.2273,0.3135,24.4525,12.0943,1.5643,1.3977
"2023-08-01 15:22:32",116883,13.36387,0.1752,0.2429,26.3304,9.3359,1.4795,1.3075,0.1672,0.257,25.0724,8.9403,1.4795,1.3242,0.2273,0.3139,24.4469,12.0922,1.5643,1.3982
"2023-08-01 15:26:33",116887,13.36303,0.1751,0.2434,26.3332,9.3328,1.4795,1.3081,0.1672,0.2567,25.1392,8.9422,1.4795,1.3238,0.2273,0.3134,24.422,12.095,1.5643,1.3975
"2023-08-01 15:31:43",116892,13.35715,0.1751,0.2434,26.3445,9.3328,1.4795,1.3081,0.1671,0.2575,25.0724,8.9373,1.4795,1.3249,0.2273,0.3134,24.4636,12.095,1.5643,1.3975
"2023-08-01 15:34:28",116895,13.37814,0.1751,0.2435,26.3782,9.3319,1.4795,1.3083,0.1672,0.2566,25.1113,8.9428,1.4795,1.3237,0.2273,0.3138,24.4331,12.0929,1.5643,1.398
"2023-08-01 15:43:55",116904,13.37394,0.1751,0.2431,26.3866,9.3349,1.4795,1.3077,0.1671,0.2572,25.1058,8.9392,1.4795,1.3245,0.2273,0.3135,24.4303,12.0946,1.5643,1.3976
"2023-08-08 15:35:08",126977,13.3412,0.3564,0.5539,22.1561,20.9057,1.7802,1.7052,0.3291,0.5383,21.9171,18.7209,1.7542,1.6822,0.3765,0.5858,22.0791,22.6803,1.8265,1.7468
"2023-08-23 11:04:38",148307,13.42515,0.1546,0.2106,21.7661,8.331,1.4456,1.2664,0.1533,0.2341,22.5548,8.2716,1.4558,1.2953,0.1989,0.2675,22.8356,10.5519,1.5168,1.3391
"2023-09-11 09:08:45",175550,13.53008,0.1591,0.2135,19.5832,8.549,1.4524,1.2702,0.1561,0.2312,20.3356,8.4025,1.4592,1.2916,0.2147,0.2898,20.4259,11.3985,1.5428,1.3674
"2023-10-01 09:50:28",204393,13.61318,0.2824,0.4045,15.3298,15.4284,1.6513,1.5135,0.2669,0.41,16.0891,14.4378,1.6446,1.5185,0.3301,0.4769,16.5147,18.7989,1.7384,1.6068
