"TOA5","S1T","CR200X","23119","CR200X.Std.04","CSU_3depths.CR2","51716","Status"
"TIMESTAMP","RECORD","OSversion","OSDate","OSSignature","ProgName","ProgSig","CalOffset","PakBusAddress","RfInstalled","RfNetAddr","RfAddress","RfHopSeq","RfPwrMode","Rf_ForceOn","Rf_Protocol","MaxTXPacket","RfSignalLevel","RfRxPakBusCnt","VarOutOfBounds","SkipScan","TrapCode","WatchDogCnt","ResetTables","BattVoltage","SerialNum"
"TS","RN","","","","","","","","","","","","","","","","","","","","","","","",""
"","","","","","","","","","","","","","","","","","","","","","","","","",""
"2023-05-17 08:53:45",6,"CR200X.Std.04","150820",53066,"CSU_3depths.CR2",51716,2.125,2,12305,1,0,1,"RF1S_LH",0,1,250,70,340,0,0,0,0,0,13.52588,23119
"2023-05-17 09:22:30",7,"CR200X.Std.04","150820",53066,"CSU_3depths.CR2",51716,1.875,2,12305,1,0,1,"RF1S_LH",0,1,250,70,403,0,0,0,0,0,13.48559,23119
"2023-05-17 09:24:33",8,"CR200X.Std.04","150820",53066,"CSU_3depths.CR2",51716,1.625,2,12305,1,0,1,"RF1S_LH",0,1,250,68,414,0,0,0,0,0,13.48726,23119
"2023-05-27 17:22:25",30,"CR200X.Std.04","150820",53066,"CSU_3depths.CR2",51716,2,2,12305,1,0,1,"RF1S_LH",0,1,250,70,700,0,0,0,0,0,13.36219,23119
"2023-05-27 17:31:10",32,"CR200X.Std.04","150820",53066,"CSU_3depths.CR2",51716,2.125,2,12305,1,0,1,"RF1S_LH",0,1,250,71,801,0,0,0,0,0,13.38485,23119
"2023-05-29 16:47:10",33,"CR200X.Std.04","150820",53066,"CSU_3depths.CR2",51716,2.875,2,12305,1,0,1,"RF1S_LH",0,1,250,71,912,0,0,0,0,0,13.30594,23119
"2023-05-31 15:20:13",35,"CR200X.Std.04","150820",53066,"CSU_3depths.CR2",51716,2,2,12305,1,0,1,"RF1S_LH",0,1,250,71,934,0,0,0,0,0,13.33365,23119
"2023-05-31 15:22:53",36,"CR200X.Std.04","150820",53066,"CSU_3depths.CR2",51716,2.125,2,12305,1,0,1,"RF1S_LH",0,1,250,71,959,0,0,0,0,0,13.33784,23119
"2023-05-31 15:24:35",37,"CR200X.Std.04","150820",53066,"CSU_3depths.CR2",51716,1.875,2,12305,1,0,1,"RF1S_LH",0,1,250,71,976,0,0,0,0,0,13.33616,23119
"2023-05-31 15:28:18",38,"CR200X.Std.04","150820",53066,"CSU_3depths.CR2",51716,2.25,2,12305,1,0,1,"RF1S_LH",0,1,250,71,1018,0,0,0,0,0,13.337,23119
"2023-06-01 16:40:34",39,"CR200X.Std.04","150820",53066,"CSU_3depths.CR2",51716,2.125,2,12305,1,0,1,"RF1S_LH",0,1,250,71,1122,0,0,0,0,0,13.49062,23119
"2023-06-01 16:40:50",40,"CR200X.Std.04","150820",53066,"CSU_3depths.CR2",51716,2,2,12305,1,0,1,"RF1S_LH",0,1,250,71,1124,0,0,0,0,0,13.48642,23119
"2023-06-06 16:19:51",41,"CR200X.Std.04","150820",53066,"CSU_3depths.CR2",51716,2,2,12305,1,0,1,"RF1S_LH",0,1,250,71,1186,0,0,0,0,0,13.3773,23119
"2023-06-06 16:23:23",42,"CR200X.Std.04","150820",53066,"CSU_3depths.CR2",51716,1.875,2,12305,1,0,1,"RF1S_LH",0,1,250,71,1244,0,0,0,0,0,13.38821,23119
"2023-06-09 15:06:13",43,"CR200X.Std.04","150820",53066,"CSU_3depths.CR2",51716,2.125,2,12305,1,0,1,"RF1S_LH",0,1,250,71,1469,0,0,0,0,0,13.35295,23119
"2023-06-12 10:13:58",44,"CR200X.Std.04","150820",53066,"CSU_3depths.CR2",51716,2.25,2,12305,1,0,1,"RF1S_LH",0,1,250,71,1469,0,0,0,0,0,13.46796,23119
"2023-06-13 15:43:02",45,"CR200X.Std.04","150820",53066,"CSU_3depths.CR2",51716,2.125,2,12305,1,0,1,"RF1S_LH",0,1,250,71,1469,0,0,0,0,0,13.43941,23119
"2023-06-21 09:34:42",46,"CR200X.Std.04","150820",53066,"CSU_3depths.CR2",51716,3.25,2,12305,1,0,1,"RF1S_LH",0,1,250,71,1496,0,0,0,0,0,13.45117,23119
"2023-07-01 09:50:46",47,"CR200X.Std.04","150820",53066,"CSU_3depths.CR2",51716,2.25,2,12305,1,0,1,"RF1S_LH",0,1,250,71,1496,0,0,0,0,0,13.47131,23119
"2023-07-20 09:14:19",48,"CR200X.Std.04","150820",53066,"CSU_3depths.CR2",51716,1.75,2,12305,1,0,1,"RF1S_LH",0,1,250,275,1514,0,0,0,0,0,13.41423,23119
"2023-08-01 15:06:22",50,"CR200X.Std.04","150820",53066,"CSU_3depths.CR2",51716,2.125,2,12305,1,0,1,"RF1S_LH",0,1,250,71,4220,0,0,0,0,0,13.36806,23119
"2023-08-01 15:08:14",51,"CR200X.Std.04","150820",53066,"CSU_3depths.CR2",51716,2.125,2,12305,1,0,1,"RF1S_LH",0,1,250,71,4236,0,0,0,0,0,13.36135,23119
"2023-08-01 15:09:18",52,"CR200X.Std.04","150820",53066,"CSU_3depths.CR2",51716,1.875,2,12305,1,0,1,"RF1S_LH",0,1,250,71,4251,0,0,0,0,0,13.36135,23119
"2023-08-01 15:14:47",53,"CR200X.Std.04","150820",53066,"CSU_3depths.CR2",51716,2.125,2,12305,1,0,1,"RF1S_LH",0,1,250,71,4320,0,0,0,0,0,13.35631,23119
"2023-08-01 15:17:35",55,"CR200X.Std.04","150820",53066,"CSU_3depths.CR2",51716,2.25,2,12305,1,0,1,"RF1S_LH",0,1,250,71,4346,0,0,0,0,0,13.36219,23119
"2023-08-01 15:18:57",56,"CR200X.Std.04","150820",53066,"CSU_3depths.CR2",51716,2.5,2,12305,1,0,1,"RF1S_LH",0,1,250,71,4357,0,0,0,0,0,13.36051,23119
"2023-08-01 15:22:32",57,"CR200X.Std.04","150820",53066,"CSU_3depths.CR2",51716,1.875,2,12305,1,0,1,"RF1S_LH",0,1,250,71,4409,0,0,0,0,0,13.36471,23119
"2023-08-01 15:26:33",58,"CR200X.Std.04","150820",53066,"CSU_3depths.CR2",51716,2.125,2,12305,1,0,1,"RF1S_LH",0,1,250,71,4477,0,0,0,0,0,13.37478,23119
"2023-08-01 15:31:43",59,"CR200X.Std.04","150820",53066,"CSU_3depths.CR2",51716,2.125,2,12305,1,0,1,"RF1S_LH",0,1,250,71,4538,0,0,0,0,0,13.37814,23119
"2023-08-01 15:35:04",61,"CR200X.Std.04","150820",53066,"CSU_3depths.CR2",51716,1.875,2,12305,1,0,1,"RF1S_LH",0,1,250,71,4572,0,0,0,0,0,13.38317,23119
"2023-08-01 15:43:56",64,"CR200X.Std.04","150820",53066,"CSU_3depths.CR2",51716,2,2,12305,1,0,1,"RF1S_LH",0,1,250,71,4637,0,0,0,0,0,13.37898,23119
"2023-08-08 15:35:08",65,"CR200X.Std.04","150820",53066,"CSU_3depths.CR2",51716,2,2,12305,1,0,1,"RF1S_LH",0,1,250,71,9359,0,0,0,0,0,13.30846,23119
"2023-08-23 11:04:38",66,"CR200X.Std.04","150820",53066,"CSU_3depths.CR2",51716,2.125,2,12305,1,0,1,"RF1S_LH",0,1,250,71,16608,0,0,0,0,0,13.40836,23119
"2023-09-11 09:08:45",67,"CR200X.Std.04","150820",53066,"CSU_3depths.CR2",51716,1.875,2,12305,1,0,1,"RF1S_LH",0,1,250,71,29090,0,0,0,0,0,13.53763,23119
"2023-10-01 09:50:28",68,"CR200X.Std.04","150820",53066,"CSU_3depths.CR2",51716,1.875,2,12305,1,0,1,"RF1S_LH",0,1,250,70,42473,0,0,0,0,0,13.61822,23119
