"TOA5","S2T","CR200X","23669","CR200X.Std.04","CSU_3depths.CR2","51716","Status"
"TIMESTAMP","RECORD","OSversion","OSDate","OSSignature","ProgName","ProgSig","CalOffset","PakBusAddress","RfInstalled","RfNetAddr","RfAddress","RfHopSeq","RfPwrMode","Rf_ForceOn","Rf_Protocol","MaxTXPacket","RfSignalLevel","RfRxPakBusCnt","VarOutOfBounds","SkipScan","TrapCode","WatchDogCnt","ResetTables","BattVoltage","SerialNum"
"TS","RN","","","","","","","","","","","","","","","","","","","","","","","",""
"","","","","","","","","","","","","","","","","","","","","","","","","",""
"2023-05-17 09:49:29",5,"CR200X.Std.04","150820",53066,"CSU_3depths.CR2",51716,2.375,5,12305,1,0,1,"RF1S_LH",0,1,250,65,397,0,0,0,0,0,13.42347,23669
"2023-05-17 09:50:45",6,"CR200X.Std.04","150820",53066,"CSU_3depths.CR2",51716,2.375,5,12305,1,0,1,"RF1S_LH",0,1,250,70,408,0,0,0,0,0,13.41843,23669
"2023-05-17 09:51:48",7,"CR200X.Std.04","150820",53066,"CSU_3depths.CR2",51716,2.375,5,12305,1,0,1,"RF1S_LH",0,1,250,68,420,0,0,0,0,0,13.42011,23669
"2023-05-17 09:53:06",8,"CR200X.Std.04","150820",53066,"CSU_3depths.CR2",51716,3.625,5,12305,1,0,1,"RF1S_LH",0,1,250,68,430,0,0,0,0,0,13.42179,23669
"2023-05-17 09:55:08",9,"CR200X.Std.04","150820",53066,"CSU_3depths.CR2",51716,2.375,5,12305,1,0,1,"RF1S_LH",0,1,250,70,447,0,0,0,0,0,13.42011,23669
"2023-05-17 09:57:23",10,"CR200X.Std.04","150820",53066,"CSU_3depths.CR2",51716,2.375,5,12305,1,0,1,"RF1S_LH",0,1,250,70,465,0,0,0,0,0,13.42011,23669
"2023-05-23 11:38:55",104,"CR200X.Std.04","150820",53066,"CSU_3depths.CR2",51716,2.375,5,12305,1,0,1,"RF1S_LH",0,1,250,70,483,0,0,0,0,0,13.41507,23669
"2023-05-23 11:40:23",105,"CR200X.Std.04","150820",53066,"CSU_3depths.CR2",51716,2.375,5,12305,1,0,1,"RF1S_LH",0,1,250,70,483,0,0,0,0,0,13.41004,23669
"2023-05-23 11:41:31",106,"CR200X.Std.04","150820",53066,"CSU_3depths.CR2",51716,2.375,5,12305,1,0,1,"RF1S_LH",0,1,250,70,483,0,0,0,0,0,13.41004,23669
"2023-05-23 11:42:17",107,"CR200X.Std.04","150820",53066,"CSU_3depths.CR2",51716,2.625,5,12305,1,0,1,"RF1S_LH",0,1,250,70,483,0,0,0,0,0,13.3966,23669
"2023-05-23 11:43:51",108,"CR200X.Std.04","150820",53066,"CSU_3depths.CR2",51716,2.375,5,12305,1,0,1,"RF1S_LH",0,1,250,70,483,0,0,0,0,0,13.3815,23669
"2023-05-29 16:30:52",135,"CR200X.Std.04","150820",53066,"CSU_3depths.CR2",51716,4,5,12305,1,0,1,"RF1S_LH",0,1,250,71,690,0,0,0,0,0,13.26817,23669
"2023-06-01 16:50:53",136,"CR200X.Std.04","150820",53066,"CSU_3depths.CR2",51716,2.25,5,12305,1,0,1,"RF1S_LH",0,1,250,70,774,0,0,0,0,0,13.45117,23669
"2023-06-01 16:51:02",137,"CR200X.Std.04","150820",53066,"CSU_3depths.CR2",51716,3.625,5,12305,1,0,1,"RF1S_LH",0,1,250,70,776,0,0,0,0,0,13.44613,23669
"2023-06-01 16:52:26",138,"CR200X.Std.04","150820",53066,"CSU_3depths.CR2",51716,2.375,5,12305,1,0,1,"RF1S_LH",0,1,250,70,798,0,0,0,0,0,13.44361,23669
"2023-06-01 16:57:58",139,"CR200X.Std.04","150820",53066,"CSU_3depths.CR2",51716,2.75,5,12305,1,0,1,"RF1S_LH",0,1,250,68,856,0,0,0,0,0,13.45285,23669
"2023-06-01 17:00:09",140,"CR200X.Std.04","150820",53066,"CSU_3depths.CR2",51716,2.375,5,12305,1,0,1,"RF1S_LH",0,1,250,70,878,0,0,0,0,0,13.45872,23669
"2023-06-02 10:26:59",141,"CR200X.Std.04","150820",53066,"CSU_3depths.CR2",51716,2.375,5,12305,1,0,1,"RF1S_LH",0,1,250,68,908,0,0,0,0,0,13.52084,23669
"2023-06-05 11:55:44",0,"CR200X.Std.03","131104",39916,"a.CR2",58368,2.5,5,12305,1,0,1,"RF1S_LH",0,1,250,0,0,0,0,0,0,0,12.38676,23594
"2023-06-05 12:01:16",0,"CR200X.Std.04","150820",53066,"CSU_3depths.CR2",51716,2.375,5,12305,1,0,1,"RF1S_LH",0,1,250,0,0,0,0,0,0,0,13.3966,23669
"2023-06-05 12:28:21",0,"CR200X.Std.04","150820",53066,"CSU_3depths.CR2",51716,3,5,12305,1,0,1,"RF1S_LH",0,1,250,0,0,0,0,0,0,0,12.38004,23594
"2023-06-05 12:50:22",0,"CR200X.Std.04","150820",53066,"CSU_3depths.CR2",51716,2.875,5,12305,1,0,1,"RF1S_LH",0,1,250,0,0,0,0,0,0,0,13.32105,23594
"2023-06-05 12:55:57",1,"CR200X.Std.04","150820",53066,"CSU_3depths.CR2",51716,2.875,5,12305,1,0,1,"RF1S_LH",0,1,250,0,0,0,0,0,0,0,13.33952,23594
"2023-06-05 12:56:18",2,"CR200X.Std.04","150820",53066,"CSU_3depths.CR2",51716,2.875,5,12305,1,0,1,"RF1S_LH",0,1,250,0,0,0,0,0,0,0,13.35631,23594
"2023-06-05 12:59:42",3,"CR200X.Std.04","150820",53066,"CSU_3depths.CR2",51716,2.75,5,12305,1,0,1,"RF1S_LH",0,1,250,0,0,0,0,0,0,0,13.38401,23594
"2023-06-06 12:16:31",15,"CR200X.Std.04","150820",53066,"CSU_3depths.CR2",51716,2.625,5,12305,1,0,1,"RF1S_LH",0,1,250,0,0,0,0,0,0,0,12.3876,23669
"2023-06-06 14:10:30",0,"CR200X.Std.04","150820",53066,"CSU_3depths.CR2",20823,2.375,5,12305,1,0,1,"RF1S_LH",0,1,250,0,0,0,0,0,0,0,12.40271,23669
"2023-06-07 14:22:34",0,"CR200X.Std.04","150820",53066,"CSU_3depths_M3.CR2",21655,2.5,5,12305,1,0,1,"RF1S_LH",0,1,250,0,0,0,0,0,0,0,12.40355,23669
"2023-06-07 14:46:33",4,"CR200X.Std.04","150820",53066,"CSU_3depths.CR2",51716,3.5,5,12305,1,0,1,"RF1S_LH",0,1,250,71,37,0,0,0,0,0,13.36722,23594
"2023-06-07 14:47:53",0,"CR200X.Std.04","150820",53066,"CSU_3depths_M3.CR2",21655,3,5,12305,1,0,1,"RF1S_LH",0,1,250,0,0,0,0,0,0,0,13.35883,23594
"2023-06-08 11:41:05",1,"CR200X.Std.04","150820",53066,"CSU_3depths_M3.CR2",21655,2.625,5,12305,1,0,1,"RF1S_LH",0,1,250,71,22,0,0,0,0,0,13.45201,23594
"2023-06-08 11:41:44",2,"CR200X.Std.04","150820",53066,"CSU_3depths_M3.CR2",21655,2.875,5,12305,1,0,1,"RF1S_LH",0,1,250,70,34,0,0,0,0,0,13.46208,23594
"2023-06-08 11:47:07",3,"CR200X.Std.04","150820",53066,"CSU_3depths_M3.CR2",21655,2.75,5,12305,1,0,1,"RF1S_LH",0,1,250,71,69,0,0,0,0,0,13.44865,23594
"2023-06-09 15:03:58",4,"CR200X.Std.04","150820",53066,"CSU_3depths_M3.CR2",21655,3,5,12305,1,0,1,"RF1S_LH",0,1,250,70,221,0,0,0,0,0,13.33365,23594
"2023-06-12 10:16:56",5,"CR200X.Std.04","150820",53066,"CSU_3depths_M3.CR2",21655,2.75,5,12305,1,0,1,"RF1S_LH",0,1,250,70,221,0,0,0,0,0,13.41927,23594
"2023-06-13 15:40:53",6,"CR200X.Std.04","150820",53066,"CSU_3depths_M3.CR2",21655,2.75,5,12305,1,0,1,"RF1S_LH",0,1,250,70,221,0,0,0,0,0,13.4092,23594
"2023-06-21 09:37:40",7,"CR200X.Std.04","150820",53066,"CSU_3depths_M3.CR2",21655,2.75,5,12305,1,0,1,"RF1S_LH",0,1,250,71,245,0,0,0,0,0,13.41759,23594
"2023-07-01 09:47:39",8,"CR200X.Std.04","150820",53066,"CSU_3depths_M3.CR2",21655,3.375,5,12305,1,0,1,"RF1S_LH",0,1,250,71,245,0,0,0,0,0,13.45201,23594
"2023-07-20 09:11:12",9,"CR200X.Std.04","150820",53066,"CSU_3depths_M3.CR2",21655,2.875,5,12305,1,0,1,"RF1S_LH",0,1,250,70,262,0,0,0,0,0,13.38653,23594
"2023-08-08 15:38:19",10,"CR200X.Std.04","150820",53066,"CSU_3depths_M3.CR2",21655,3.125,5,12305,1,0,1,"RF1S_LH",0,1,250,68,7862,0,0,0,0,0,13.31434,23594
"2023-08-23 11:08:03",11,"CR200X.Std.04","150820",53066,"CSU_3depths_M3.CR2",21655,2.875,5,12305,1,0,1,"RF1S_LH",0,1,250,71,15361,0,0,0,0,0,13.39409,23594
"2023-09-11 09:11:23",0,"CR200X.Std.04","150820",53066,"CSU_3depths_M3.CR2",21655,2.75,5,12305,1,0,1,"RF1S_LH",0,1,250,70,12800,0,0,0,0,0,13.50657,23594
"2023-10-01 09:54:46",1,"CR200X.Std.04","150820",53066,"CSU_3depths_M3.CR2",21655,3.125,5,12305,1,0,1,"RF1S_LH",0,1,250,71,26672,0,0,0,0,0,13.59135,23594
