"TOA5","S4T","CR200X","23116","CR200X.Std.04","CSU_3depths.CR2","51716","Table2"
"TIMESTAMP","RECORD","BattV_Min","VWC_1_Avg","EC_1_Avg","T_1_Avg","VWC_2_Avg","EC_2_Avg","T_2_Avg","VWC_3_Avg","EC_3_Avg","T_3_Avg"
"TS","RN","Volts","m^3/m^3","dS/m","Deg C","m^3/m^3","dS/m","Deg C","m^3/m^3","dS/m","Deg C"
"","","Min","Avg","Avg","Avg","Avg","Avg","Avg","Avg","Avg","Avg"
"2023-05-02 00:00:00",0,12.98864,0,0.337829,22.77163,0,2.392738E-05,22.78158,0.02360151,0.000446535,22.76261
"2023-05-02 12:00:00",1,12.96933,0,0.3462628,11.77438,0,3.097219E-05,11.81469,0.02230383,0.0001734726,11.83027
"2023-05-03 00:00:00",2,12.97353,0,0.349426,20.99679,0,2.541666E-05,20.82912,0.02519373,0.0001327779,21.03899
"2023-05-03 12:00:00",3,12.9517,0,0.3471087,7.591026,0,9.736125E-05,7.822255,0.02267995,0.0002636122,7.532697
"2023-05-04 00:00:00",4,12.97437,0,0.3484419,24.41553,0,1.86111E-05,24.29766,0.02400841,8.888896E-05,24.2879
"2023-05-04 12:00:00",5,12.94834,0,0.3153226,16.88987,0,3.319441E-05,16.994,0.00871083,0.000174306,16.97061
"2023-05-05 00:00:00",6,12.97353,0,0.242754,21.36607,0,2.805552E-05,21.08277,0.0003369444,0.0002068062,21.4467
"2023-05-05 12:00:00",7,12.95086,0,0.2643204,9.329435,0,4.722226E-05,9.620914,0.001615139,0.0002412509,9.05547
"2023-05-06 00:00:00",8,12.95842,0,0.25956,17.23346,0,2.458331E-05,17.39952,0.0001368056,0.0002015283,17.12792
"2023-05-06 12:00:00",9,12.94079,"NAN","NAN","NAN",6.361111E-05,0.002617778,10.79365,0.006369723,0.01183986,10.14925
"2023-05-07 00:00:00",10,13.17163,0.001326805,0.03359926,18.93118,0,0.009933865,18.54116,0.02873106,0.0866802,18.83856
"2023-05-16 00:00:00",0,0,0.05598114,0.05345696,21.04533,0.1509534,0.2706721,21.84727,0.2056421,0.585332,20.1733
"2023-05-16 12:00:00",1,13.16324,0.05893954,0.05209393,14.72008,0.1651452,0.2850799,15.49662,0.2281598,0.6305977,14.34943
"2023-05-17 00:00:00",2,13.222,0.06330855,0.0603454,24.86383,0.167652,0.2971597,23.61816,0.2275994,0.6513505,20.77739
"2023-05-17 12:00:00",3,13.17331,0.05667888,0.05043366,14.91249,0.1620218,0.2776361,15.75601,0.2246168,0.6226947,14.54079
"2023-05-18 00:00:00",4,13.22032,0.06137886,0.05813473,25.17296,0.1648422,0.2902234,23.86788,0.2240919,0.6405748,20.70427
"2023-05-18 12:00:00",5,13.18507,0.05650623,0.05056681,17.6718,0.1608,0.2775497,17.86164,0.2223596,0.6266938,16.5673
"2023-05-19 00:00:00",6,13.23963,0.06001169,0.05735387,25.61303,0.1629628,0.2899269,24.58385,0.2221383,0.6429732,21.63765
"2023-05-19 12:00:00",7,13.19178,0.05421481,0.04817893,16.04715,0.1579288,0.2716429,16.88817,0.2188506,0.6143675,15.6524
"2023-05-20 00:00:00",8,13.23963,0.06089373,0.04581156,27.1023,0.1623112,0.2805316,26.14099,0.2193278,0.6340802,22.75944
"2023-05-20 12:00:00",9,13.18591,0.05418842,0.03970919,16.13957,0.1563599,0.2644611,17.14726,0.2157273,0.6059144,15.9718
"2023-05-21 00:00:00",10,13.22452,0.05946666,0.04622269,27.63603,0.159125,0.277278,26.24397,0.2151447,0.6207091,22.7751
"2023-05-21 12:00:00",11,13.17751,0.05258687,0.03930989,16.12145,0.1535537,0.2599644,17.18839,0.210837,0.590452,15.94357
"2023-05-22 00:00:00",12,13.25558,0.05735132,0.04499921,26.21176,0.1560013,0.2725243,25.98819,0.2095,0.6028467,22.90811
"2023-05-22 12:00:00",13,13.20689,0.05188126,0.03805742,17.03858,0.1511133,0.2556834,17.93503,0.2061245,0.5778911,16.99156
"2023-05-23 00:00:00",14,13.2581,0.0564282,0.03845461,26.29641,0.1529229,0.2643512,24.94651,0.2047866,0.5858468,22.14437
"2023-05-23 12:00:00",15,13.20605,0.05232978,0.03948542,16.65936,0.1502943,0.2585402,17.13628,0.2025422,0.5670478,16.34859
"2023-05-24 00:00:00",16,13.23543,"NAN","NAN","NAN","NAN","NAN","NAN","NAN","NAN","NAN"
"2023-05-24 12:00:00",17,13.19766,0.08508016,0.09012534,24.30371,0.1631812,0.309563,23.25995,0.2023201,0.6060995,21.72893
"2023-05-25 00:00:00",18,13.24718,0.3411521,0.4378742,20.91039,0.2590365,0.6450552,20.81307,0.2780265,0.8866143,20.71338
"2023-05-25 12:00:00",19,13.1985,0.2980547,0.3964223,19.21033,0.2656661,0.6914459,20.0179,0.2751437,0.8800486,19.89067
"2023-05-26 00:00:00",20,13.23543,0.2848719,0.4363331,21.78098,0.2639632,0.7247381,20.11621,0.2796671,0.9027995,19.24791
"2023-05-26 12:00:00",21,13.18003,0.2723576,0.3986782,19.22453,0.259767,0.7298823,19.9635,0.2826132,0.9303809,19.57755
"2023-05-27 00:00:00",22,13.23375,0.2661166,0.4298985,21.85198,0.2570073,0.7436796,20.11072,0.2818108,0.9298183,19.09417
"2023-05-27 12:00:00",23,13.18339,0.256431,0.3841113,19.17948,0.2531825,0.7368289,19.92219,0.2820479,0.9427391,19.49198
"2023-05-28 00:00:00",24,13.24886,0.2506327,0.4038775,21.23165,0.2501009,0.7380403,19.7731,0.2799198,0.9309622,18.94104
"2023-05-28 12:00:00",25,13.18926,0.2431951,0.3610615,18.64071,0.2471417,0.7264152,19.5081,0.2792703,0.9358564,19.20361
"2023-05-29 00:00:00",26,13.23459,0.241359,0.3983148,22.38019,0.2456071,0.7384201,19.99829,0.2773518,0.9254873,18.79185
"2023-05-29 12:00:00",27,13.18507,0.2341521,0.3553025,19.89785,0.2437715,0.7350562,20.34863,0.277777,0.9410518,19.58166
"2023-05-30 00:00:00",28,13.22956,0.2324785,0.3879759,23.52724,0.2419481,0.744592,20.86516,0.2760466,0.9329439,19.34725
"2023-05-30 12:00:00",29,13.17499,0.2246273,0.3411775,20.467,0.2399596,0.735989,20.99771,0.27644,0.9474834,20.14069
"2023-05-31 00:00:00",30,13.23879,0.2226906,0.3645895,23.25218,0.2370309,0.7350925,20.99903,0.2742301,0.9336476,19.69061
"2023-05-31 12:00:00",31,13.17835,0.2158188,0.3239929,20.3692,0.2351421,0.7233583,20.92648,0.2743157,0.9410448,20.2084
"2023-06-01 00:00:00",32,13.25222,0.2136573,0.3401666,22.59793,0.2318932,0.7183127,20.77798,0.2720407,0.9258209,19.69676
"2023-06-01 12:00:00",33,13.20857,0.2069991,0.3104636,20.61218,0.2298931,0.7098837,20.85856,0.2718232,0.9306557,20.11131
"2023-06-01 12:00:00",33,13.20857,0.2069991,0.3104636,20.61218,0.2298931,0.7098837,20.85856,0.2718232,0.9306557,20.11131
"2023-06-02 00:00:00",34,13.28412,0.2032409,0.3098843,21.22005,0.2263925,0.69714,20.38191,0.2695371,0.9161137,19.66628
"2023-06-02 12:00:00",35,13.23207,0.1976218,0.2871672,19.40761,0.2241483,0.6818269,19.92731,0.2685621,0.9106295,19.60883
"2023-06-03 00:00:00",36,13.30007,0.2174613,0.3281841,21.01695,0.2223929,0.6809275,19.89795,0.2667122,0.89733,19.19649
"2023-06-03 12:00:00",37,13.23291,0.2572031,0.3363162,18.5066,0.2273029,0.6834819,19.29406,0.2674658,0.8988147,19.19936
"2023-06-04 00:00:00",38,13.24551,0.2511669,0.3627114,22.10912,0.2301479,0.7013535,19.83538,0.2675157,0.8938626,18.78328
"2023-06-04 12:00:00",39,13.20353,0.2414178,0.3269815,19.8599,0.2313609,0.7040952,20.20106,0.2692122,0.9105491,19.52032
"2023-06-05 00:00:00",40,13.23879,0.2389568,0.3580925,23.35288,0.2318139,0.7179598,20.70538,0.2683103,0.9048301,19.29279
"2023-06-05 12:00:00",41,13.1943,0.2312316,0.3218984,20.83516,0.2317884,0.7173127,21.02371,0.2695653,0.920975,20.10358
"2023-06-06 00:00:00",42,13.24886,0.2284259,0.3408475,23.34919,0.2304662,0.7210612,21.16357,0.2683363,0.9125503,19.81622
"2023-06-06 12:00:00",43,13.20102,0.2213765,0.3078281,20.7185,0.2295511,0.7127025,21.05054,0.2689421,0.9208109,20.31226
"2023-06-07 00:00:00",44,13.26985,0.2180488,0.3176334,22.39423,0.2275166,0.7102248,20.93213,0.2674399,0.9094682,19.90637
"2023-06-07 12:00:00",45,13.22536,0.212468,0.2924626,20.23216,0.2262011,0.6987798,20.54231,0.2674086,0.9102274,20.05428
"2023-06-08 00:00:00",46,13.27405,0.2094959,0.3077412,23.2021,0.224308,0.7056409,21.17048,0.2660075,0.9027637,19.87553
"2023-06-08 12:00:00",47,13.222,0.2018017,0.2770477,20.46754,0.2225728,0.6943333,20.92016,0.2662127,0.9086729,20.31876
"2023-06-08 12:00:00",47,13.222,0.2018017,0.2770477,20.46754,0.2225728,0.6943333,20.92016,0.2662127,0.9086729,20.31876
"2023-06-08 12:00:00",47,13.222,0.2018017,0.2770477,20.46754,0.2225728,0.6943333,20.92016,0.2662127,0.9086729,20.31876
"2023-06-08 12:00:00",47,13.222,0.2018017,0.2770477,20.46754,0.2225728,0.6943333,20.92016,0.2662127,0.9086729,20.31876
"2023-06-09 00:00:00",48,13.22704,0.1988671,0.3017966,24.66253,0.2194088,0.6988198,21.71491,0.2640732,0.8985769,20.10282
"2023-06-09 12:00:00",49,13.17667,0.1885692,0.2616005,21.3473,0.2169714,0.6875411,21.84226,0.2646126,0.9109844,20.94412
"2023-06-10 00:00:00",50,13.23459,0.1828784,0.2761739,24.51528,0.2117637,0.6714343,21.94301,0.2613569,0.8934165,20.50429
"2023-06-10 12:00:00",51,13.19262,0.172528,0.243079,21.85993,0.2089155,0.6596157,22.10485,0.2612911,0.9017488,21.16396
"2023-06-11 00:00:00",52,13.23459,0.166364,0.2563211,25.45565,0.203273,0.6438388,22.61749,0.2578394,0.8863618,20.93024
"2023-06-11 12:00:00",53,13.18842,0.1543565,0.222084,22.27073,0.1999727,0.6255921,22.60771,0.257836,0.8937538,21.63607
"2023-06-12 00:00:00",54,13.23124,0.1471911,0.2281699,24.88363,0.1937027,0.6019072,22.61703,0.2537571,0.8732855,21.20769
"2023-06-12 12:00:00",55,13.20773,0.1368935,0.2050191,22.96443,0.1908046,0.5872446,22.80667,0.2528397,0.8761653,21.73532
"2023-06-13 00:00:00",56,13.23375,0.130962,0.2099974,25.72719,0.1852711,0.5666029,23.28458,0.2489112,0.8596432,21.62966
"2023-06-13 12:00:00",57,13.18339,0.1205995,0.1845919,22.74095,0.1823311,0.5463161,23.09082,0.2476722,0.8611186,22.1508
"2023-06-14 00:00:00",58,13.2539,0.1171126,0.1897912,24.87751,0.1773074,0.5235456,22.93208,0.2436161,0.837837,21.66249
"2023-06-14 12:00:00",59,13.20353,0.1100063,0.1697493,22.31218,0.1750036,0.5073757,22.70845,0.2421441,0.8363233,21.96928
"2023-06-15 00:00:00",60,13.27405,0.3456669,0.3756172,21.83897,0.3328904,0.7149681,21.82089,0.3320583,0.7746835,21.33372
"2023-06-15 12:00:00",61,13.22116,0.3229712,0.329797,19.04484,0.3215708,0.6760796,20.24051,0.3211906,0.6546897,20.68318
"2023-06-16 00:00:00",62,13.32525,0.3113827,0.3535121,20.75297,0.311896,0.6802539,20.21853,0.3132771,0.6390485,20.01886
"2023-06-16 12:00:00",63,13.24467,0.3058016,0.3388941,18.86074,0.3095196,0.6776279,19.78168,0.3082168,0.6360933,19.9362
"2023-06-17 00:00:00",64,13.2858,0.2972052,0.3617349,21.08801,0.3039634,0.6849564,19.97468,0.3040302,0.6295143,19.50928
"2023-06-17 12:00:00",65,13.22956,0.286233,0.3346287,19.36204,0.2975769,0.6774324,19.99809,0.3015727,0.634092,19.81049
"2023-06-18 00:00:00",66,13.25474,0.2803316,0.3593957,21.76437,0.2923111,0.6842458,20.27721,0.2982092,0.6288379,19.53775
"2023-06-18 12:00:00",67,13.21025,0.270459,0.3296546,19.88614,0.2878945,0.68084,20.42354,0.2963592,0.6350108,19.99618
"2023-06-19 00:00:00",68,13.23207,0.2651019,0.3545354,22.62301,0.2824451,0.6884992,20.77093,0.2932242,0.6288345,19.76869
"2023-06-19 12:00:00",69,13.19766,0.2548217,0.3216869,20.71347,0.2788602,0.6844264,21.07135,0.2917527,0.6363876,20.40453
"2023-06-20 00:00:00",70,13.22704,0.2478006,0.3380786,23.59888,0.2728543,0.6883839,21.51004,0.2889282,0.6308428,20.26306
"2023-06-20 12:00:00",71,13.19766,0.2362428,0.3075872,21.83164,0.2692981,0.6833458,21.92141,0.2878908,0.6404972,21.01354
"2023-06-21 00:00:00",72,13.21696,0.2283304,0.3220775,24.76304,0.2632615,0.6852035,22.44953,0.28521,0.636325,20.96374
"2023-06-21 12:00:00",73,13.18003,0.2164277,0.2875299,22.42754,0.2599937,0.6751016,22.64698,0.2846627,0.6453142,21.68262
"2023-06-22 00:00:00",74,13.21613,0.2088884,0.3048084,25.64106,0.2533883,0.673605,23.04312,0.281858,0.6377672,21.46947
"2023-06-22 12:00:00",75,13.17247,0.1963919,0.2673513,23.13849,0.2501319,0.6627439,23.29826,0.2816234,0.6471767,22.22741
"2023-06-23 00:00:00",76,13.22452,0.1873207,0.270855,24.98765,0.2431442,0.6491888,23.16488,0.2784141,0.6366898,21.87743
"2023-06-23 12:00:00",77,13.18171,0.1756498,0.2393303,22.61448,0.2392027,0.6321667,22.96934,0.2775308,0.6394118,22.21233
"2023-06-24 00:00:00",78,13.22956,0.1649865,0.2346511,24.67343,0.2306419,0.613677,23.01364,0.2733111,0.6253486,21.83576
"2023-06-24 12:00:00",79,13.16576,0.1505646,0.2037166,21.80725,0.2263987,0.5907596,22.6539,0.2720078,0.6264625,22.15828
"2023-06-25 00:00:00",80,13.22704,0.1431377,0.2127652,24.97436,0.2173806,0.5737287,22.82333,0.2666086,0.6093972,21.64191
"2023-06-25 12:00:00",81,13.1666,0.1305165,0.1821317,22.25172,0.2130735,0.5556049,22.86741,0.2654482,0.6139743,22.20104
"2023-06-26 00:00:00",82,13.21193,0.1257496,0.1925796,25.57305,0.2035519,0.534814,23.17722,0.2592657,0.5968084,21.81507
"2023-06-26 12:00:00",83,13.15988,0.1144858,0.1645345,22.82105,0.1989374,0.5165188,23.32728,0.2579503,0.6024268,22.50636
"2023-06-27 00:00:00",84,13.20521,0.1124037,0.175769,25.98948,0.1894733,0.4930511,23.58508,0.2508361,0.5839018,22.1423
"2023-06-27 12:00:00",85,13.18842,0.1781415,0.2129793,23.75125,0.2117648,0.5139427,23.65635,0.2681264,0.6087646,22.78786
"2023-06-28 00:00:00",86,13.21696,0.3667268,0.3779338,23.75898,0.3805687,0.6251733,23.58031,0.3636579,0.5754452,23.34136
"2023-06-28 12:00:00",87,13.16072,0.3176669,0.3241858,20.66662,0.3243923,0.5708612,21.99628,0.3312701,0.5124393,22.35869
"2023-06-29 00:00:00",88,13.21025,0.2978575,0.3457981,22.74056,0.3096249,0.5730649,21.7029,0.3227516,0.5014656,21.35233
"2023-06-29 12:00:00",89,13.16576,0.2825616,0.3162787,20.99392,0.3011058,0.5735403,21.72939,0.318516,0.5065148,21.5425
"2023-06-30 00:00:00",90,13.24886,0.2732586,0.3316633,22.39967,0.2940327,0.5771276,21.54543,0.3138974,0.5032113,21.04691
"2023-06-30 12:00:00",91,13.18758,0.2627413,0.301598,20.1687,0.2894824,0.5690795,21.08646,0.3109384,0.5066268,21.09943
"2023-07-01 00:00:00",92,13.2304,0.2559204,0.3280417,22.90266,0.2839655,0.5786166,21.40471,0.3070863,0.5028964,20.67635
"2023-07-01 12:00:00",93,13.17919,0.2458124,0.2975644,21.17193,0.2806617,0.5780855,21.70762,0.3054662,0.5117508,21.25505
"2023-07-02 00:00:00",94,13.20857,0.2396792,0.3232102,24.259,0.2755095,0.5867207,22.2085,0.3020822,0.5089163,21.05759
"2023-07-02 12:00:00",95,13.1708,0.2292414,0.2907782,22.59712,0.272552,0.5869935,22.76951,0.3013178,0.5202165,21.89534
"2023-07-03 00:00:00",96,13.20689,0.2213985,0.3077309,25.42989,0.2667025,0.5899663,23.23256,0.2978363,0.5163038,21.79968
"2023-07-03 12:00:00",97,13.16576,0.209672,0.2723295,23.37455,0.2635404,0.5833491,23.53193,0.2971134,0.5257552,22.56637
"2023-07-04 00:00:00",98,13.20941,0.1997198,0.2768028,25.23158,0.2567426,0.574487,23.54157,0.2939314,0.5193086,22.31067
"2023-07-04 12:00:00",99,13.18255,0.1893313,0.2498114,23.62242,0.2532103,0.565539,23.63566,0.2931438,0.5235609,22.75935
"2023-07-05 00:00:00",100,13.20269,0.1794016,0.2526969,25.88795,0.2454153,0.5568527,23.99918,0.2891487,0.5163487,22.61843
"2023-07-05 12:00:00",101,13.16156,0.1667761,0.2210899,23.89331,0.2415653,0.5437221,24.09083,0.2880496,0.520781,23.18292
"2023-07-06 00:00:00",102,13.19766,0.1551709,0.22128,26.63585,0.2321672,0.5274164,24.44262,0.2828748,0.5098827,22.95911
"2023-07-06 12:00:00",103,13.16324,0.1410853,0.189768,24.46206,0.2272144,0.5119677,24.60635,0.2813222,0.5145997,23.60985
"2023-07-07 00:00:00",104,13.1943,0.1303221,0.1885278,27.07681,0.2164606,0.4896856,24.91348,0.274933,0.5015512,23.3813
"2023-07-07 12:00:00",105,13.15569,0.2037427,0.2381472,24.00854,0.2614809,0.5259505,24.26621,0.3060932,0.5234829,23.32718
"2023-07-08 00:00:00",106,13.19766,0.3776329,0.4366163,25.93472,0.3611685,0.6144052,25.05047,0.3642007,0.4990079,24.41272
"2023-07-08 12:00:00",107,13.15653,0.326531,0.3574843,22.72435,0.3256765,0.5635011,23.53895,0.3322453,0.4653164,23.46688
"2023-07-09 00:00:00",108,13.20102,0.3022671,0.3627728,24.00775,0.3108341,0.5611581,23.15796,0.3240892,0.4586174,22.60655
"2023-07-09 12:00:00",109,13.1582,0.2852047,0.3233655,21.95307,0.3021803,0.5536349,22.77509,0.3203268,0.4639636,22.67074
"2023-07-10 00:00:00",110,13.19598,0.2738179,0.3435503,23.90213,0.2945133,0.5580711,22.79428,0.3154247,0.4607602,22.12527
"2023-07-10 12:00:00",111,13.15653,0.261234,0.3108829,22.42871,0.2905243,0.557397,22.9491,0.3128782,0.4687501,22.54648
"2023-07-11 00:00:00",112,13.19598,0.2515702,0.3260512,24.36262,0.2848156,0.5613228,23.14977,0.3087572,0.4665978,22.25463
"2023-07-11 12:00:00",113,13.15233,0.2403872,0.2937002,22.8328,0.2820748,0.55721,23.28604,0.3070891,0.474317,22.75741
"2023-07-12 00:00:00",114,13.1943,0.2313477,0.3094761,25.26618,0.275619,0.5586933,23.68601,0.3033099,0.4707146,22.53966
"2023-07-12 12:00:00",115,13.16156,0.2200521,0.2795493,24.06132,0.2721972,0.5551273,24.13093,0.3022434,0.4791166,23.26088
"2023-07-13 00:00:00",116,13.18171,0.208921,0.2880715,26.55096,0.2648048,0.5528229,24.72627,0.2979848,0.4746421,23.24221
"2023-07-13 12:00:00",117,13.15485,0.1958247,0.2533401,24.76978,0.2606683,0.5420862,24.89685,0.296858,0.4820488,23.94314
"2023-07-14 00:00:00",118,13.17919,0.1820738,0.2549339,27.02661,0.2515037,0.5287663,25.24094,0.2918774,0.4743899,23.77128
"2023-07-14 12:00:00",119,13.15736,0.1682544,0.2224616,25.25488,0.2465038,0.514769,25.37984,0.2905661,0.4790161,24.39911
"2023-07-15 00:00:00",120,13.17919,0.1527449,0.2165112,27.40218,0.2358054,0.4936412,25.63349,0.2845524,0.4682223,24.171
"2023-07-15 12:00:00",121,13.14477,0.1390858,0.1857021,25.27626,0.2305105,0.4766634,25.57252,0.282988,0.4707873,24.70158
"2023-07-16 00:00:00",122,13.17667,0.1263262,0.180178,27.48112,0.2183231,0.4529886,25.76602,0.2753153,0.4563012,24.37091
"2023-07-16 12:00:00",123,13.14058,0.1152342,0.1543691,25.26552,0.2129704,0.4363201,25.65841,0.2729536,0.4566204,24.86388
"2023-07-17 00:00:00",124,13.17247,0.1095946,0.1576195,27.68179,0.2011498,0.4143238,25.88352,0.2641647,0.4400977,24.49848
"2023-07-17 12:00:00",125,13.14058,0.1016127,0.1381691,25.66917,0.1973124,0.4024014,25.96069,0.2620673,0.4410146,25.07985
"2023-07-18 00:00:00",126,13.16828,0.1952044,0.2570899,26.81371,0.2500401,0.4727817,25.57974,0.2944787,0.4671374,24.57439
"2023-07-18 12:00:00",127,13.15149,0.3863989,0.4415201,22.45405,0.3848406,0.6238856,23.27573,0.3727965,0.4900577,22.84317
"2023-07-19 00:00:00",128,13.18758,0.3195866,0.3908554,24.98085,0.3338329,0.5691928,24.34782,0.3291792,0.4413148,23.67221
"2023-07-19 12:00:00",129,13.15401,0.2971996,0.3557854,23.75445,0.3177924,0.5576001,24.25267,0.3227917,0.4462112,24.03671
"2023-07-20 00:00:00",130,13.18255,0.2801605,0.3700359,25.70674,0.308141,0.5649747,24.64095,0.3176141,0.447408,23.81451
"2023-07-20 12:00:00",131,13.15149,0.2671725,0.338324,24.41695,0.3024778,0.5636556,24.736,0.3147167,0.4556393,24.22926
"2023-07-21 00:00:00",132,13.18591,0.2558814,0.351152,25.94335,0.295284,0.5669454,24.90307,0.3104311,0.454749,23.9851
"2023-07-21 12:00:00",133,13.14897,0.2431464,0.3170351,24.45593,0.2908504,0.5613143,24.87926,0.3084515,0.4616311,24.35955
"2023-07-22 00:00:00",134,13.18003,0.2329647,0.3291617,26.3007,0.2844613,0.5621417,25.06294,0.3044269,0.4581749,24.06335
"2023-07-22 12:00:00",135,13.13806,0.2212855,0.2928501,24.62998,0.2806525,0.5549819,25.09712,0.3031983,0.4647197,24.53131
"2023-07-23 00:00:00",136,13.16408,0.2122042,0.3033544,26.73701,0.2749882,0.5543448,25.30463,0.2998913,0.4604688,24.21005
"2023-07-23 12:00:00",137,13.13302,0.2009965,0.2692181,25.16686,0.2715617,0.5473381,25.50706,0.2991751,0.4671678,24.79426
"2023-07-24 00:00:00",138,13.16744,0.189531,0.2708179,27.2131,0.2643635,0.541417,25.71174,0.295493,0.4613035,24.52158
"2023-07-24 12:00:00",139,13.13218,0.1776225,0.2388435,25.76854,0.2603613,0.5323017,25.94186,0.2948828,0.4672773,25.11289
"2023-07-25 00:00:00",140,13.17247,0.1650816,0.2302605,27.40071,0.2525403,0.520652,26.05549,0.2914235,0.4609609,24.88279
"2023-07-25 12:00:00",141,13.14897,0.1545815,0.2063506,26.06334,0.2485096,0.5100952,26.09018,0.2904829,0.4639123,25.29298
"2023-07-26 00:00:00",142,13.16072,0.139818,0.1954132,28.29842,0.2386228,0.4930683,26.657,0.2856625,0.4574704,25.21955
"2023-07-26 12:00:00",143,13.13638,0.1286135,0.1702524,26.73743,0.2335039,0.4786304,26.79923,0.2844481,0.4613757,25.83099
"2023-07-27 00:00:00",144,13.16996,0.1182543,0.1642492,28.43095,0.2228734,0.4558016,26.95483,0.2795075,0.4522064,25.60916
"2023-07-27 12:00:00",145,13.13722,0.1120542,0.1441983,26.71882,0.2184428,0.4393659,26.89435,0.2785291,0.453893,26.04366
"2023-07-28 00:00:00",146,13.1666,0.1139182,0.1381673,27.92343,0.2105244,0.4155364,26.78229,0.2745989,0.4459913,25.68374
"2023-07-28 12:00:00",147,13.13806,0.1086302,0.1256781,26.26898,0.20678,0.4049618,26.49983,0.2740479,0.4461896,25.88369
"2023-07-29 00:00:00",148,13.11371,0.1091032,0.1313802,27.74405,0.1983265,0.3903403,26.50613,0.2705521,0.4368176,25.46718
"2023-07-29 12:00:00",149,13.07426,0.1034753,0.1183674,25.92347,0.1950247,0.3805403,26.26065,0.2698158,0.4374637,25.72325
"2023-07-30 00:00:00",150,13.11791,0.1050923,0.1254894,27.20856,0.188415,0.3692231,26.10346,0.2670062,0.4289211,25.21536
"2023-07-30 12:00:00",151,13.09608,0.1013149,0.1167891,26.24683,0.1865644,0.3652199,26.27618,0.2660478,0.430343,25.56548
"2023-07-31 00:00:00",152,13.13722,0.1029481,0.1233858,27.76594,0.1814316,0.357478,26.5322,0.2627691,0.4236148,25.39514
"2023-07-31 12:00:00",153,13.0986,0.09949187,0.1153217,26.62266,0.1807187,0.3551832,26.56712,0.2618746,0.4249908,25.7798
"2023-08-01 00:00:00",154,13.13218,0.1012757,0.1218953,28.02888,0.176065,0.3474158,26.78432,0.2583537,0.4174538,25.60641
"2023-08-01 12:00:00",155,13.07678,0.09691377,0.1121693,26.68427,0.1746978,0.3435543,26.79084,0.2576757,0.4184636,26.00692
"2023-08-02 00:00:00",156,13.13974,0.09798107,0.1159244,27.07525,0.1723104,0.3381774,26.38591,0.2552723,0.4107676,25.58198
"2023-08-02 12:00:00",157,13.0793,0.09374753,0.1062314,25.1391,0.1710846,0.3324688,25.72513,0.2546652,0.4084918,25.48619
"2023-08-03 00:00:00",158,13.15065,0.09649868,0.1139828,26.4552,0.1687661,0.3304226,25.67587,0.2520088,0.4002894,24.97538
"2023-08-03 12:00:00",159,13.08937,0.09170934,0.1025668,24.10196,0.1678946,0.3240734,24.92748,0.2520066,0.3992367,24.94543
"2023-08-04 00:00:00",160,13.14561,0.09586242,0.1136372,25.86921,0.1664084,0.3244632,25.01043,0.2489097,0.3908865,24.40293
"2023-08-04 12:00:00",161,13.07426,0.09154634,0.1021321,23.96536,0.1661187,0.3205546,24.73559,0.2483747,0.3915907,24.62992
"2023-08-05 00:00:00",162,13.1389,0.09558959,0.1132413,25.87523,0.1635101,0.3179582,24.86111,0.244499,0.3819778,24.17769
"2023-08-05 12:00:00",163,13.07174,0.1175017,0.1282682,24.328,0.1653951,0.3181439,24.88226,0.2516729,0.3948703,24.57252
"2023-08-06 00:00:00",164,13.13386,0.2632002,0.3529357,25.89111,0.1928447,0.3671649,24.93077,0.2778281,0.4271406,24.20187
"2023-08-06 12:00:00",165,13.05999,0.242089,0.3133406,23.8955,0.1963671,0.3778518,24.54838,0.2744224,0.424789,24.40834
"2023-08-07 00:00:00",166,13.12882,0.2265102,0.3182737,25.00801,0.1949144,0.3839708,24.3565,0.270859,0.4179463,23.86928
"2023-08-07 12:00:00",167,13.02725,0.2124508,0.2825981,23.38046,0.1935943,0.3821615,24.11911,0.2697559,0.4199901,24.06114
"2023-08-08 00:00:00",168,13.12463,0.1997219,0.2877715,24.92815,0.1912354,0.3826509,24.16608,0.2664403,0.4133626,23.61231
"2023-08-08 12:00:00",169,13.05579,0.1884253,0.2568425,23.68786,0.1899419,0.3800075,24.27448,0.265845,0.4163893,24.02791
"2023-08-09 00:00:00",170,13.1389,0.1762146,0.2492431,24.43386,0.1865398,0.3732779,24.00378,0.2624356,0.4088802,23.60481
"2023-08-09 12:00:00",171,13.05747,0.1663037,0.2225525,23.05713,0.1848735,0.3667588,23.75556,0.2616292,0.4079761,23.72286
"2023-08-10 00:00:00",172,13.13302,0.1552425,0.2206165,25.02418,0.181878,0.3634718,24.03793,0.2577934,0.4004553,23.38007
"2023-08-10 12:00:00",173,13.06083,0.1450777,0.1952774,23.92785,0.180889,0.3600966,24.33169,0.2571582,0.403408,23.93377
"2023-08-11 00:00:00",174,13.14393,0.3559501,0.4961757,23.78051,0.349225,0.6059353,23.94554,0.3514961,0.4845447,23.76084
"2023-08-11 12:00:00",175,13.08685,0.313204,0.4198416,22.44963,0.3316714,0.5645028,23.29316,0.3256533,0.4114465,23.53938
"2023-08-12 00:00:00",176,13.14477,0.2847028,0.412271,24.07084,0.3072737,0.5488661,23.52865,0.316611,0.4051533,23.21656
"2023-08-12 12:00:00",177,13.0709,0.2709127,0.3778799,23.06175,0.2964824,0.5398257,23.54712,0.3127105,0.4096202,23.44696
"2023-08-13 00:00:00",178,13.1347,0.2594428,0.3835746,23.83864,0.2883312,0.5366541,23.38242,0.308483,0.407937,23.08146
"2023-08-13 12:00:00",179,13.07342,0.2491863,0.354527,22.87305,0.2833853,0.5317262,23.3448,0.3056929,0.411464,23.23867
"2023-08-14 00:00:00",180,13.13218,0.2369644,0.3653095,24.4432,0.276029,0.5333007,23.60264,0.3021645,0.4100668,23.01008
"2023-08-14 12:00:00",181,13.05915,0.2254398,0.3302981,23.32603,0.2721465,0.5286641,23.79373,0.3006873,0.4162061,23.47805
"2023-08-15 00:00:00",182,13.12295,0.2107775,0.3333432,24.74436,0.2646522,0.5244078,23.89586,0.2976702,0.4134563,23.22039
"2023-08-15 12:00:00",183,13.06419,0.2008994,0.302597,23.77085,0.2612585,0.5195522,24.15477,0.2966812,0.4189552,23.71733
"2023-08-16 00:00:00",184,13.11455,0.1880751,0.3015448,25.22864,0.2542049,0.5142736,24.31083,0.2940868,0.4159895,23.52081
"2023-08-16 12:00:00",185,13.06587,0.179622,0.2742905,24.20115,0.2512493,0.5083703,24.50617,0.2934473,0.4205846,24.00045
"2023-08-17 00:00:00",186,13.12043,0.1658852,0.2638183,25.41952,0.2431592,0.4980755,24.57155,0.2905479,0.4163248,23.79462
"2023-08-17 12:00:00",187,13.0709,0.1571272,0.2387985,24.4417,0.2394276,0.4894598,24.68948,0.2897768,0.4191267,24.18104
"2023-08-18 00:00:00",188,13.12798,0.1439766,0.2272864,25.88902,0.2303824,0.4756646,24.91873,0.2864802,0.4142955,24.02486
"2023-08-18 12:00:00",189,13.08517,0.1373448,0.2084032,25.03747,0.227292,0.4681964,25.1358,0.2859979,0.4176796,24.4968
"2023-08-19 00:00:00",190,13.11959,0.1286615,0.1995611,25.81875,0.2194034,0.4501416,25.08927,0.2828259,0.4121444,24.30276
"2023-08-19 12:00:00",191,13.06335,0.1225474,0.1815834,24.69952,0.2160778,0.4389334,24.99701,0.2820827,0.4128897,24.53595
"2023-08-20 00:00:00",192,13.17415,0.117024,0.1783012,25.80665,0.2085287,0.423128,25.01796,0.2784982,0.4058064,24.25752
"2023-08-20 12:00:00",193,13.14225,0.1119902,0.1630779,24.79,0.2097266,0.4268745,25.07049,0.2776803,0.407117,24.58774
"2023-08-21 00:00:00",194,13.16576,0.1071624,0.1587329,25.96786,0.196671,0.3983254,25.12442,0.2718109,0.3972416,24.3367
"2023-08-21 12:00:00",195,13.13638,0.1021063,0.1446197,25.1086,0.1917485,0.3872239,25.27659,0.269899,0.3973104,24.71189
"2023-08-22 00:00:00",196,13.16576,0.1000231,0.1445662,26.34304,0.1808779,0.3647241,25.43513,0.2633294,0.3871018,24.55392
"2023-08-22 12:00:00",197,13.12966,0.09584593,0.1331093,25.16728,0.1788674,0.3592137,25.40684,0.2622943,0.3877401,24.88422
"2023-08-23 00:00:00",198,13.21445,0.09484628,0.1314054,24.7635,0.1756725,0.3497734,24.72127,0.2596311,0.3806728,24.43395
"2023-08-23 12:00:00",199,13.16492,0.09206632,0.1232588,23.2319,0.174871,0.3434969,23.93864,0.259343,0.3772783,24.08038
"2023-08-24 00:00:00",200,13.13386,0.09305321,0.1295796,24.49078,0.1694433,0.332711,23.99233,0.2537341,0.3674324,23.6534
"2023-08-24 12:00:00",201,13.11036,0.09128206,0.1238087,24.0471,0.1695043,0.3332648,24.24945,0.2524059,0.3682655,23.93525
"2023-08-25 00:00:00",202,13.13806,0.2828605,0.3987637,23.83011,0.2968098,0.5528365,24.01206,0.3222625,0.4509985,23.87012
"2023-08-25 12:00:00",203,13.07174,0.3044122,0.4145679,22.96928,0.3191605,0.5834064,23.52449,0.3153724,0.4126174,23.66086
"2023-08-26 00:00:00",204,13.14058,0.2816635,0.4157022,24.11666,0.3029661,0.5697178,23.66794,0.3074794,0.4070015,23.34747
"2023-08-26 12:00:00",205,13.07762,0.2688718,0.3884923,23.3061,0.2947626,0.5597743,23.71563,0.3035106,0.4099652,23.56419
"2023-08-27 00:00:00",206,13.12463,0.2537741,0.3929408,24.32084,0.2848648,0.5534895,23.76958,0.2991578,0.4078773,23.31824
"2023-08-27 12:00:00",207,13.09021,0.2430509,0.3661673,23.63945,0.2801287,0.5488077,23.9121,0.2968515,0.411966,23.62869
"2023-08-28 00:00:00",208,13.1305,0.2300676,0.3678113,24.56563,0.2719149,0.5428325,23.99794,0.2934087,0.4098006,23.45665
"2023-08-28 12:00:00",209,13.07762,0.2204569,0.3389284,23.649,0.2679281,0.5354081,24.04254,0.2919669,0.4130991,23.75854
"2023-08-29 00:00:00",210,13.11707,0.2059641,0.3350108,24.58627,0.2592013,0.5248964,24.03382,0.2886358,0.4088782,23.50275
"2023-08-29 12:00:00",211,13.04236,0.196772,0.3030826,23.34869,0.2557285,0.5152631,23.96272,0.2876196,0.4112056,23.78022
"2023-08-30 00:00:00",212,13.10784,0.182721,0.2940518,24.25126,0.2461703,0.499957,23.79804,0.283986,0.404451,23.38815
"2023-08-30 12:00:00",213,13.05999,0.1741958,0.2647962,23.17731,0.2425272,0.4897941,23.77622,0.2830128,0.4059235,23.64072
"2023-08-31 00:00:00",214,13.107,0.15999,0.2514956,24.36169,0.2321754,0.4708931,23.81121,0.2789938,0.398828,23.33322
"2023-08-31 12:00:00",215,13.04152,0.1508653,0.2226686,23.1316,0.228101,0.4579619,23.78367,0.2779335,0.4000207,23.64133
"2023-09-01 00:00:00",216,13.10364,0.1382108,0.2094916,24.28531,0.2174537,0.433306,23.7151,0.2733844,0.3912299,23.27928
"2023-09-01 12:00:00",217,13.04236,0.1312991,0.1908468,23.60292,0.2135822,0.4241907,23.93458,0.2722985,0.392673,23.63869
"2023-09-02 00:00:00",218,13.1347,0.1231488,0.180614,24.17177,0.2056274,0.4065736,23.854,0.2690233,0.3863279,23.44043
"2023-09-02 12:00:00",219,13.0709,0.1185276,0.1674407,23.18471,0.2030706,0.3977748,23.63577,0.2682426,0.385682,23.51986
"2023-09-03 00:00:00",220,13.1389,0.1147199,0.1653825,23.8867,0.197136,0.3866283,23.58731,0.2653089,0.3798068,23.25668
"2023-09-03 12:00:00",221,13.04824,0.1108823,0.1535053,22.66273,0.1952642,0.3788909,23.26164,0.2648232,0.3791111,23.28602
"2023-09-04 00:00:00",222,13.13218,0.1089105,0.1533132,23.10472,0.1896481,0.3671974,23.00067,0.2618843,0.3723593,22.88622
"2023-09-04 12:00:00",223,13.08601,0.1054093,0.1428956,22.05098,0.1875262,0.3594545,22.71728,0.2608603,0.370824,22.84842
"2023-09-05 00:00:00",224,13.13722,0.1027721,0.1412159,22.45153,0.1800519,0.3424214,22.45892,0.2565895,0.3618958,22.44837
"2023-09-05 12:00:00",225,13.0516,0.09872591,0.1295636,21.20588,0.1776296,0.3331366,22.12747,0.2553526,0.3599194,22.4226
"2023-09-06 00:00:00",226,13.12714,0.09805062,0.133699,22.37597,0.1707354,0.3200329,22.08914,0.2501518,0.3502766,22.00765
"2023-09-06 12:00:00",227,13.03817,0.09429485,0.1221786,21.26441,0.1694026,0.3150188,22.09849,0.2491536,0.350928,22.25964
"2023-09-07 00:00:00",228,13.11623,0.09436412,0.1272355,22.564,0.1633843,0.3029611,22.12399,0.243398,0.3408397,21.92465
"2023-09-07 12:00:00",229,13.03229,0.1945703,0.2567629,21.29592,0.2310922,0.4037215,21.79452,0.2864359,0.3963615,21.72366
"2023-09-08 00:00:00",230,13.11287,0.3949194,0.5292786,21.71968,0.3785265,0.5958396,21.86244,0.3673766,0.4529573,21.85508
"2023-09-08 12:00:00",231,13.01802,0.3217158,0.3961527,19.49103,0.3336953,0.5276778,20.71562,0.3183505,0.3677275,21.38083
"2023-09-09 00:00:00",232,13.11036,0.2980575,0.3933054,20.28382,0.3135142,0.5062863,20.38226,0.3108855,0.3591664,20.76248
"2023-09-09 12:00:00",233,13.03732,0.2834174,0.3601517,19.34732,0.3033797,0.4953623,20.32762,0.3069392,0.3605123,20.83972
"2023-09-10 00:00:00",234,13.12463,0.2695574,0.3677314,20.27097,0.2936752,0.489728,20.18764,0.3028903,0.3571118,20.42284
"2023-09-10 12:00:00",235,13.05831,0.2597395,0.3482548,20.01146,0.2890992,0.4903375,20.53471,0.3006963,0.361416,20.70497
"2023-09-11 00:00:00",236,13.0986,0.2491706,0.3490666,20.59073,0.2820785,0.4864988,20.50668,0.2976897,0.360737,20.55271
"2023-09-11 12:00:00",237,13.0709,0.2416854,0.3304924,19.84822,0.2786491,0.4826011,20.41916,0.2962729,0.36304,20.65528
"2023-09-12 00:00:00",238,13.12379,0.2326504,0.33756,20.8613,0.2723632,0.4822174,20.59098,0.2936758,0.3622907,20.49832
"2023-09-12 12:00:00",239,13.03145,0.2250788,0.3107828,19.69055,0.26928,0.4760267,20.50311,0.2926379,0.3655754,20.73338
"2023-09-13 00:00:00",240,13.13974,0.2158286,0.3149264,20.44932,0.262771,0.4695435,20.30289,0.2900378,0.3620582,20.36004
"2023-09-13 12:00:00",241,13.06754,0.2097031,0.2982881,20.06773,0.2606656,0.4689797,20.56067,0.2893957,0.3654744,20.62935
"2023-09-14 00:00:00",242,13.14393,0.2010459,0.2974088,20.76207,0.2551068,0.4643554,20.6239,0.2874365,0.3637513,20.5104
"2023-09-14 12:00:00",243,13.03397,0.1947632,0.2756813,19.70721,0.2525339,0.4573549,20.47589,0.2866919,0.3654995,20.67841
"2023-09-15 00:00:00",244,13.15569,0.187061,0.273562,20.21182,0.2469205,0.4490471,20.2382,0.284639,0.3614994,20.34181
"2023-09-15 12:00:00",245,13.08098,0.1825802,0.2598801,19.66843,0.2452496,0.4458466,20.23638,0.2840924,0.3622853,20.43085
"2023-09-16 00:00:00",246,13.14561,0.1752776,0.2591746,20.58323,0.2396552,0.4412397,20.38937,0.2820284,0.3597311,20.29242
"2023-09-16 12:00:00",247,13.06587,0.1695985,0.2399506,19.71317,0.2376708,0.4357162,20.40693,0.2815992,0.3616867,20.54249
"2023-09-17 00:00:00",248,13.11959,0.1615671,0.2361953,20.46159,0.2310583,0.4257508,20.32708,0.2790341,0.3574246,20.27972
"2023-09-17 12:00:00",249,13.03397,0.1554722,0.2147458,19.17582,0.2286011,0.4166775,20.12002,0.2783138,0.3579283,20.42135
"2023-09-18 00:00:00",250,13.1305,0.1464771,0.2103313,20.06137,0.2210824,0.4015707,19.95166,0.2753336,0.3516825,20.01722
"2023-09-18 12:00:00",251,13.0432,0.1402573,0.1927564,19.1811,0.2179887,0.3939039,19.97371,0.2748132,0.352876,20.21649
"2023-09-19 00:00:00",252,13.14981,0.1344438,0.1880156,19.34156,0.2126518,0.3809561,19.55978,0.2728362,0.3476214,19.82209
"2023-09-19 12:00:00",253,13.04572,0.1303467,0.1764759,18.50906,0.2108606,0.3745016,19.32594,0.2722091,0.3463126,19.74702
"2023-09-20 00:00:00",254,13.13134,0.1246156,0.1746711,19.65426,0.2043999,0.3626849,19.4467,0.2692457,0.3414031,19.49349
"2023-09-20 12:00:00",255,13.07846,0.120446,0.1632624,19.08083,0.2024916,0.3590755,19.65163,0.2688411,0.34304,19.79184
"2023-09-21 00:00:00",256,13.14813,0.1153233,0.1589619,19.8484,0.1953164,0.3458526,19.68113,0.2656814,0.3385433,19.63912
"2023-09-21 12:00:00",257,13.08601,0.1115683,0.1483266,19.15985,0.19307,0.3404567,19.74043,0.2651049,0.3392756,19.86813
"2023-09-22 00:00:00",258,13.12798,0.1071391,0.144178,20.10871,0.1846738,0.3248771,19.85812,0.2606691,0.3334761,19.72473
"2023-09-22 12:00:00",259,13.02809,0.2013163,0.2527044,18.51898,0.2385898,0.394733,19.11423,0.2980244,0.3777989,19.11705
"2023-09-23 00:00:00",260,13.12882,0.3763972,0.4598323,18.25499,0.355926,0.5225993,18.48701,0.3533448,0.396329,18.51608
"2023-09-23 12:00:00",261,13.03397,0.3152785,0.3628685,16.75276,0.3253034,0.476676,17.8524,0.3154434,0.3399525,18.54713
"2023-09-24 00:00:00",262,13.13806,0.2956048,0.355835,17.0931,0.3100761,0.4577221,17.49968,0.3086843,0.3341695,18.1206
"2023-09-24 12:00:00",263,13.01046,0.2835359,0.3303028,16.24234,0.3022422,0.4481997,17.33331,0.3056309,0.3346394,18.09873
"2023-09-25 00:00:00",264,13.10616,0.2718141,0.3349372,16.85288,0.2938752,0.4417764,17.10668,0.3020748,0.3314975,17.67291
"2023-09-25 12:00:00",265,13.02137,0.2626451,0.3102659,15.91643,0.2892744,0.4363922,17.01738,0.3001336,0.3331808,17.74896
"2023-09-26 00:00:00",266,13.10364,0.2535549,0.3180893,16.65215,0.2824719,0.431971,16.80973,0.2974167,0.3303225,17.32583
"2023-09-26 12:00:00",267,13.01214,0.2461019,0.2955508,15.7184,0.2793527,0.4282486,16.78753,0.2960417,0.332953,17.46774
"2023-09-27 00:00:00",268,13.11959,0.2377962,0.3039483,16.55738,0.2733243,0.4245715,16.63262,0.2937025,0.3302445,17.08181
"2023-09-27 12:00:00",269,13.01718,0.2312942,0.2841236,15.79461,0.2706918,0.4220954,16.72907,0.2927348,0.3331094,17.29335
"2023-09-28 00:00:00",270,13.11539,0.2230439,0.2902047,16.65563,0.2649097,0.4183965,16.65099,0.2905492,0.330766,16.99417
"2023-09-28 12:00:00",271,13.0197,0.21704,0.2711679,15.91619,0.2627274,0.416027,16.7809,0.2898625,0.3336863,17.24946
"2023-09-29 00:00:00",272,13.10784,0.2089809,0.276023,16.73236,0.2568652,0.4111183,16.70974,0.2877186,0.3311216,16.98503
"2023-09-29 12:00:00",273,13.01382,0.2028072,0.2560125,15.83674,0.2547238,0.4071596,16.75927,0.2871202,0.3333657,17.22261
"2023-09-30 00:00:00",274,13.11875,0.1953962,0.2588046,16.64372,0.2487417,0.4008558,16.62926,0.2850516,0.3299671,16.91421
"2023-09-30 12:00:00",275,13.02306,0.1899685,0.2442301,16.20316,0.2468251,0.399573,16.88248,0.2847227,0.3323067,17.20175
"2023-10-01 00:00:00",276,13.12798,0.1817271,0.2431874,16.95131,0.2405274,0.3929278,16.89221,0.2826517,0.3298023,17.04791
